Packet number,Element 11, Element 12, Element 13, Element 21, Element 22, Element 23, Element 31, Element 32, Element 33
1,0.9999723,-0.006769395,0.003094697,0.006803412,0.999915,-0.01111688,-0.00301918,0.01113763,0.9999334
3,0.9999725,-0.006769736,0.003033559,0.006803073,0.9999151,-0.01111709,-0.002958042,0.01113742,0.9999336
5,0.9999728,-0.006708598,0.003033219,0.006741935,0.9999153,-0.01111719,-0.002958382,0.01113733,0.9999334
7,0.9999722,-0.0067693,0.003094904,0.006803503,0.9999143,-0.01117802,-0.003018971,0.01119876,0.9999326
9,0.9999723,-0.006769395,0.003094697,0.006803412,0.999915,-0.01111688,-0.00301918,0.01113763,0.9999334
11,0.999972,-0.006769055,0.003155836,0.006803751,0.999915,-0.01111668,-0.003080318,0.01113784,0.9999331
13,0.9999722,-0.0067693,0.003094904,0.006803503,0.9999143,-0.01117802,-0.003018971,0.01119876,0.9999326
16,0.9999727,-0.006708504,0.003033424,0.006742024,0.9999146,-0.01117832,-0.002958175,0.01119847,0.9999327
19,0.9999727,-0.006708066,0.003094767,0.006742457,0.9999141,-0.01123925,-0.003019108,0.01125981,0.999932
21,0.9999727,-0.006708066,0.003094767,0.006742457,0.9999141,-0.01123925,-0.003019108,0.01125981,0.999932
23,0.9999725,-0.006707722,0.003155905,0.0067428,0.9999141,-0.01123904,-0.003080246,0.01126001,0.9999318
25,0.9999725,-0.00670782,0.003155701,0.006742707,0.9999148,-0.01117791,-0.003080453,0.01119888,0.9999325
27,0.999972,-0.006768956,0.003156042,0.006803844,0.9999143,-0.01117781,-0.00308011,0.01119897,0.9999324
29,0.999972,-0.006768956,0.003156042,0.006803844,0.9999143,-0.01117781,-0.00308011,0.01119897,0.9999324
31,0.999972,-0.006768956,0.003156042,0.006803844,0.9999143,-0.01117781,-0.00308011,0.01119897,0.9999324
33,0.9999717,-0.006768614,0.00321718,0.006804185,0.9999142,-0.0111776,-0.003141248,0.01119918,0.9999322
35,0.9999717,-0.006768614,0.00321718,0.006804185,0.9999142,-0.0111776,-0.003141248,0.01119918,0.9999322
37,0.9999717,-0.006768614,0.00321718,0.006804185,0.9999142,-0.0111776,-0.003141248,0.01119918,0.9999322
39,0.9999717,-0.006768614,0.00321718,0.006804185,0.9999142,-0.0111776,-0.003141248,0.01119918,0.9999322
41,0.9999717,-0.006768514,0.003217387,0.00680428,0.9999135,-0.01123874,-0.00314104,0.01126031,0.9999315
43,0.9999717,-0.006768514,0.003217387,0.00680428,0.9999135,-0.01123874,-0.00314104,0.01126031,0.9999315
45,0.9999715,-0.006767826,0.003339664,0.006804967,0.9999136,-0.01123832,-0.003263317,0.01126073,0.9999312
47,0.9999714,-0.006767722,0.00333987,0.006805066,0.9999129,-0.01129945,-0.003263108,0.01132186,0.9999305
49,0.9999714,-0.006767722,0.00333987,0.006805066,0.9999129,-0.01129945,-0.003263108,0.01132186,0.9999305
52,0.9999715,-0.006767826,0.003339664,0.006804967,0.9999136,-0.01123832,-0.003263317,0.01126073,0.9999312
54,0.9999715,-0.006767929,0.003339458,0.006804869,0.9999143,-0.01117718,-0.003263525,0.01119959,0.9999319
56,0.9999715,-0.006767929,0.003339458,0.006804869,0.9999143,-0.01117718,-0.003263525,0.01119959,0.9999319
58,0.9999715,-0.006767929,0.003339458,0.006804869,0.9999143,-0.01117718,-0.003263525,0.01119959,0.9999319
60,0.9999715,-0.006767929,0.003339458,0.006804869,0.9999143,-0.01117718,-0.003263525,0.01119959,0.9999319
62,0.9999715,-0.006767929,0.003339458,0.006804869,0.9999143,-0.01117718,-0.003263525,0.01119959,0.9999319
64,0.9999715,-0.006767929,0.003339458,0.006804869,0.9999143,-0.01117718,-0.003263525,0.01119959,0.9999319
66,0.9999715,-0.006767929,0.003339458,0.006804869,0.9999143,-0.01117718,-0.003263525,0.01119959,0.9999319
68,0.9999713,-0.006767586,0.003400596,0.00680521,0.9999143,-0.01117698,-0.003324663,0.0111998,0.9999317
70,0.9999713,-0.006767586,0.003400596,0.00680521,0.9999143,-0.01117698,-0.003324663,0.0111998,0.9999317
72,0.9999713,-0.006767691,0.00340039,0.00680511,0.9999151,-0.01111584,-0.003324872,0.01113866,0.9999324
74,0.9999713,-0.006767691,0.00340039,0.00680511,0.9999151,-0.01111584,-0.003324872,0.01113866,0.9999324
76,0.9999711,-0.00676735,0.003461528,0.006805449,0.999915,-0.01111563,-0.003386011,0.01113887,0.9999322
78,0.9999713,-0.006767691,0.00340039,0.00680511,0.9999151,-0.01111584,-0.003324872,0.01113866,0.9999324
80,0.9999713,-0.006767691,0.00340039,0.00680511,0.9999151,-0.01111584,-0.003324872,0.01113866,0.9999324
82,0.9999713,-0.006767691,0.00340039,0.00680511,0.9999151,-0.01111584,-0.003324872,0.01113866,0.9999324
85,0.9999713,-0.006767691,0.00340039,0.00680511,0.9999151,-0.01111584,-0.003324872,0.01113866,0.9999324
87,0.9999713,-0.006767691,0.00340039,0.00680511,0.9999151,-0.01111584,-0.003324872,0.01113866,0.9999324
89,0.9999713,-0.006767691,0.00340039,0.00680511,0.9999151,-0.01111584,-0.003324872,0.01113866,0.9999324
91,0.9999713,-0.006767586,0.003400596,0.00680521,0.9999143,-0.01117698,-0.003324663,0.0111998,0.9999317
93,0.9999713,-0.006767586,0.003400596,0.00680521,0.9999143,-0.01117698,-0.003324663,0.0111998,0.9999317
95,0.9999713,-0.006767586,0.003400596,0.00680521,0.9999143,-0.01117698,-0.003324663,0.0111998,0.9999317
97,0.9999713,-0.006767586,0.003400596,0.00680521,0.9999143,-0.01117698,-0.003324663,0.0111998,0.9999317
99,0.9999715,-0.006767929,0.003339458,0.006804869,0.9999143,-0.01117718,-0.003263525,0.01119959,0.9999319
101,0.9999715,-0.006767929,0.003339458,0.006804869,0.9999143,-0.01117718,-0.003263525,0.01119959,0.9999319
103,0.9999715,-0.006767929,0.003339458,0.006804869,0.9999143,-0.01117718,-0.003263525,0.01119959,0.9999319
105,0.9999715,-0.006767929,0.003339458,0.006804869,0.9999143,-0.01117718,-0.003263525,0.01119959,0.9999319
107,0.9999715,-0.006767929,0.003339458,0.006804869,0.9999143,-0.01117718,-0.003263525,0.01119959,0.9999319
109,0.9999717,-0.006768271,0.003278319,0.006804528,0.9999144,-0.01117739,-0.003202387,0.01119938,0.9999322
111,0.9999717,-0.006768271,0.003278319,0.006804528,0.9999144,-0.01117739,-0.003202387,0.01119938,0.9999322
113,0.9999713,-0.00682951,0.003278452,0.006865568,0.9999146,-0.01111616,-0.003202254,0.01113835,0.9999328
115,0.9999713,-0.006829409,0.003278661,0.006865665,0.9999139,-0.01117729,-0.003202044,0.01119948,0.9999321
118,0.9999717,-0.006768271,0.003278319,0.006804528,0.9999144,-0.01117739,-0.003202387,0.01119938,0.9999322
120,0.9999715,-0.006829752,0.003217522,0.006865324,0.999914,-0.0111775,-0.003140906,0.01119927,0.9999323
122,0.9999717,-0.006829997,0.003156592,0.006865075,0.9999133,-0.01123885,-0.003079557,0.0112602,0.9999319
124,0.9999717,-0.006829997,0.003156592,0.006865075,0.9999133,-0.01123885,-0.003079557,0.0112602,0.9999319
126,0.9999717,-0.006829997,0.003156592,0.006865075,0.9999133,-0.01123885,-0.003079557,0.0112602,0.9999319
128,0.9999717,-0.006829997,0.003156592,0.006865075,0.9999133,-0.01123885,-0.003079557,0.0112602,0.9999319
130,0.9999717,-0.006829997,0.003156592,0.006865075,0.9999133,-0.01123885,-0.003079557,0.0112602,0.9999319
132,0.9999717,-0.006829997,0.003156592,0.006865075,0.9999133,-0.01123885,-0.003079557,0.0112602,0.9999319
134,0.9999717,-0.006830245,0.003095662,0.006864822,0.9999124,-0.01130019,-0.003018208,0.01132112,0.9999312
136,0.9999717,-0.006829899,0.0031568,0.006865168,0.9999126,-0.01129998,-0.003079347,0.01132133,0.9999312
138,0.9999717,-0.006829899,0.0031568,0.006865168,0.9999126,-0.01129998,-0.003079347,0.01132133,0.9999312
140,0.9999717,-0.006829997,0.003156592,0.006865075,0.9999133,-0.01123885,-0.003079557,0.0112602,0.9999319
142,0.9999717,-0.006829997,0.003156592,0.006865075,0.9999133,-0.01123885,-0.003079557,0.0112602,0.9999319
144,0.9999717,-0.006829997,0.003156592,0.006865075,0.9999133,-0.01123885,-0.003079557,0.0112602,0.9999319
146,0.9999717,-0.006829997,0.003156592,0.006865075,0.9999133,-0.01123885,-0.003079557,0.0112602,0.9999319
150,0.9999717,-0.006829997,0.003156592,0.006865075,0.9999133,-0.01123885,-0.003079557,0.0112602,0.9999319
153,0.9999717,-0.006829997,0.003156592,0.006865075,0.9999133,-0.01123885,-0.003079557,0.0112602,0.9999319
155,0.9999717,-0.006829997,0.003156592,0.006865075,0.9999133,-0.01123885,-0.003079557,0.0112602,0.9999319
157,0.9999717,-0.006829899,0.0031568,0.006865168,0.9999126,-0.01129998,-0.003079347,0.01132133,0.9999312
159,0.9999717,-0.006829899,0.0031568,0.006865168,0.9999126,-0.01129998,-0.003079347,0.01132133,0.9999312
161,0.9999717,-0.006829899,0.0031568,0.006865168,0.9999126,-0.01129998,-0.003079347,0.01132133,0.9999312
163,0.9999717,-0.006830341,0.003095453,0.006864731,0.9999131,-0.01123906,-0.003018418,0.01125999,0.9999319
165,0.9999717,-0.006829997,0.003156592,0.006865075,0.9999133,-0.01123885,-0.003079557,0.0112602,0.9999319
167,0.9999717,-0.006830341,0.003095453,0.006864731,0.9999131,-0.01123906,-0.003018418,0.01125999,0.9999319
169,0.999972,-0.006830685,0.003034315,0.006864388,0.9999132,-0.01123927,-0.00295728,0.01125978,0.9999321
171,0.999972,-0.006830685,0.003034315,0.006864388,0.9999132,-0.01123927,-0.00295728,0.01125978,0.9999321
173,0.9999722,-0.006831123,0.002972968,0.006863958,0.9999139,-0.01117834,-0.002896352,0.01119844,0.9999331
175,0.999972,-0.006830779,0.003034107,0.006864299,0.9999139,-0.01117813,-0.00295749,0.01119865,0.9999328
177,0.999972,-0.006830779,0.003034107,0.006864299,0.9999139,-0.01117813,-0.00295749,0.01119865,0.9999328
179,0.999972,-0.006830779,0.003034107,0.006864299,0.9999139,-0.01117813,-0.00295749,0.01119865,0.9999328
181,0.999972,-0.006830779,0.003034107,0.006864299,0.9999139,-0.01117813,-0.00295749,0.01119865,0.9999328
183,0.9999722,-0.006831123,0.002972968,0.006863958,0.9999139,-0.01117834,-0.002896352,0.01119844,0.9999331
186,0.9999722,-0.006831123,0.002972968,0.006863958,0.9999139,-0.01117834,-0.002896352,0.01119844,0.9999331
188,0.999972,-0.006830779,0.003034107,0.006864299,0.9999139,-0.01117813,-0.00295749,0.01119865,0.9999328
190,0.9999722,-0.00683103,0.002973177,0.006864045,0.9999132,-0.01123948,-0.002896141,0.01125957,0.9999323
192,0.9999722,-0.006831123,0.002972968,0.006863958,0.9999139,-0.01117834,-0.002896352,0.01119844,0.9999331
194,0.9999725,-0.006831375,0.002912038,0.006863702,0.9999133,-0.01123969,-0.002835003,0.01125937,0.9999326
196,0.9999725,-0.006831375,0.002912038,0.006863702,0.9999133,-0.01123969,-0.002835003,0.01125937,0.9999326
198,0.9999722,-0.006831464,0.00291183,0.006863616,0.9999138,-0.01117855,-0.002835213,0.01119823,0.9999331
200,0.9999722,-0.006831123,0.002972968,0.006863958,0.9999139,-0.01117834,-0.002896352,0.01119844,0.9999331
202,0.9999722,-0.006831123,0.002972968,0.006863958,0.9999139,-0.01117834,-0.002896352,0.01119844,0.9999331
204,0.9999722,-0.006831123,0.002972968,0.006863958,0.9999139,-0.01117834,-0.002896352,0.01119844,0.9999331
206,0.9999722,-0.006831123,0.002972968,0.006863958,0.9999139,-0.01117834,-0.002896352,0.01119844,0.9999331
208,0.9999722,-0.006831123,0.002972968,0.006863958,0.9999139,-0.01117834,-0.002896352,0.01119844,0.9999331
210,0.999972,-0.006830873,0.003033898,0.00686421,0.9999146,-0.011117,-0.002957701,0.01113751,0.9999335
212,0.9999723,-0.006831214,0.00297276,0.006863871,0.9999146,-0.01111721,-0.002896562,0.0111373,0.9999338
214,0.9999722,-0.006831123,0.002972968,0.006863958,0.9999139,-0.01117834,-0.002896352,0.01119844,0.9999331
216,0.9999722,-0.006831123,0.002972968,0.006863958,0.9999139,-0.01117834,-0.002896352,0.01119844,0.9999331
219,0.9999722,-0.006831123,0.002972968,0.006863958,0.9999139,-0.01117834,-0.002896352,0.01119844,0.9999331
221,0.999972,-0.006830779,0.003034107,0.006864299,0.9999139,-0.01117813,-0.00295749,0.01119865,0.9999328
223,0.999972,-0.006830779,0.003034107,0.006864299,0.9999139,-0.01117813,-0.00295749,0.01119865,0.9999328
225,0.9999722,-0.00683103,0.002973177,0.006864045,0.9999132,-0.01123948,-0.002896141,0.01125957,0.9999323
227,0.9999722,-0.006831123,0.002972968,0.006863958,0.9999139,-0.01117834,-0.002896352,0.01119844,0.9999331
229,0.9999722,-0.006831464,0.00291183,0.006863616,0.9999138,-0.01117855,-0.002835213,0.01119823,0.9999331
231,0.9999722,-0.006831464,0.00291183,0.006863616,0.9999138,-0.01117855,-0.002835213,0.01119823,0.9999331
233,0.9999722,-0.006831464,0.00291183,0.006863616,0.9999138,-0.01117855,-0.002835213,0.01119823,0.9999331
235,0.9999723,-0.006831214,0.00297276,0.006863871,0.9999146,-0.01111721,-0.002896562,0.0111373,0.9999338
237,0.9999723,-0.006831555,0.002911621,0.00686353,0.9999145,-0.01111742,-0.002835423,0.0111371,0.9999338
239,0.9999723,-0.006831555,0.002911621,0.00686353,0.9999145,-0.01111742,-0.002835423,0.0111371,0.9999338
241,0.9999723,-0.006831645,0.002911413,0.006863445,0.9999152,-0.01105628,-0.002835634,0.01107596,0.9999345
243,0.9999723,-0.006831645,0.002911413,0.006863445,0.9999152,-0.01105628,-0.002835634,0.01107596,0.9999345
245,0.9999723,-0.006831645,0.002911413,0.006863445,0.9999152,-0.01105628,-0.002835634,0.01107596,0.9999345
247,0.9999723,-0.006831645,0.002911413,0.006863445,0.9999152,-0.01105628,-0.002835634,0.01107596,0.9999345
249,0.9999723,-0.006831214,0.00297276,0.006863871,0.9999146,-0.01111721,-0.002896562,0.0111373,0.9999338
252,0.9999718,-0.006892444,0.002972889,0.006924921,0.9999149,-0.01105598,-0.002896434,0.01107626,0.9999344
254,0.9999718,-0.006892444,0.002972889,0.006924921,0.9999149,-0.01105598,-0.002896434,0.01107626,0.9999344
256,0.9999716,-0.006892105,0.003034028,0.006925258,0.9999148,-0.01105577,-0.002957572,0.01107647,0.9999342
258,0.9999716,-0.006892105,0.003034028,0.006925258,0.9999148,-0.01105577,-0.002957572,0.01107647,0.9999342
260,0.9999716,-0.006892105,0.003034028,0.006925258,0.9999148,-0.01105577,-0.002957572,0.01107647,0.9999342
262,0.9999714,-0.006891861,0.003094956,0.006925504,0.9999155,-0.01099442,-0.003018923,0.01101554,0.9999347
264,0.9999714,-0.006891861,0.003094956,0.006925504,0.9999155,-0.01099442,-0.003018923,0.01101554,0.9999347
266,0.9999714,-0.006891861,0.003094956,0.006925504,0.9999155,-0.01099442,-0.003018923,0.01101554,0.9999347
268,0.9999712,-0.006891524,0.003156094,0.00692584,0.9999155,-0.01099421,-0.003080061,0.01101575,0.9999344
270,0.9999712,-0.006891524,0.003156094,0.00692584,0.9999155,-0.01099421,-0.003080061,0.01101575,0.9999344
272,0.9999712,-0.006891622,0.003155884,0.006925747,0.9999162,-0.01093307,-0.003080274,0.01095462,0.9999352
274,0.9999712,-0.006891524,0.003156094,0.00692584,0.9999155,-0.01099421,-0.003080061,0.01101575,0.9999344
276,0.9999712,-0.006891524,0.003156094,0.00692584,0.9999155,-0.01099421,-0.003080061,0.01101575,0.9999344
278,0.9999714,-0.006891957,0.003094746,0.006925413,0.9999162,-0.01093329,-0.003019135,0.01095441,0.9999354
280,0.9999712,-0.006891622,0.003155884,0.006925747,0.9999162,-0.01093307,-0.003080274,0.01095462,0.9999352
283,0.9999712,-0.006891622,0.003155884,0.006925747,0.9999162,-0.01093307,-0.003080274,0.01095462,0.9999352
286,0.9999712,-0.006891622,0.003155884,0.006925747,0.9999162,-0.01093307,-0.003080274,0.01095462,0.9999352
288,0.9999712,-0.006891622,0.003155884,0.006925747,0.9999162,-0.01093307,-0.003080274,0.01095462,0.9999352
290,0.9999712,-0.006891622,0.003155884,0.006925747,0.9999162,-0.01093307,-0.003080274,0.01095462,0.9999352
292,0.9999712,-0.006891622,0.003155884,0.006925747,0.9999162,-0.01093307,-0.003080274,0.01095462,0.9999352
294,0.9999712,-0.006891622,0.003155884,0.006925747,0.9999162,-0.01093307,-0.003080274,0.01095462,0.9999352
296,0.9999712,-0.006891622,0.003155884,0.006925747,0.9999162,-0.01093307,-0.003080274,0.01095462,0.9999352
298,0.9999712,-0.006891622,0.003155884,0.006925747,0.9999162,-0.01093307,-0.003080274,0.01095462,0.9999352
300,0.9999714,-0.006891957,0.003094746,0.006925413,0.9999162,-0.01093329,-0.003019135,0.01095441,0.9999354
302,0.9999712,-0.006891524,0.003156094,0.00692584,0.9999155,-0.01099421,-0.003080061,0.01101575,0.9999344
304,0.9999712,-0.006891524,0.003156094,0.00692584,0.9999155,-0.01099421,-0.003080061,0.01101575,0.9999344
306,0.9999712,-0.006891524,0.003156094,0.00692584,0.9999155,-0.01099421,-0.003080061,0.01101575,0.9999344
308,0.9999714,-0.006891861,0.003094956,0.006925504,0.9999155,-0.01099442,-0.003018923,0.01101554,0.9999347
310,0.9999712,-0.006891524,0.003156094,0.00692584,0.9999155,-0.01099421,-0.003080061,0.01101575,0.9999344
312,0.9999712,-0.006891524,0.003156094,0.00692584,0.9999155,-0.01099421,-0.003080061,0.01101575,0.9999344
314,0.9999717,-0.006830485,0.00315555,0.00686461,0.9999167,-0.01093317,-0.003080609,0.01095452,0.9999352
316,0.9999712,-0.006891622,0.003155884,0.006925747,0.9999162,-0.01093307,-0.003080274,0.01095462,0.9999352
319,0.9999714,-0.006891957,0.003094746,0.006925413,0.9999162,-0.01093329,-0.003019135,0.01095441,0.9999354
321,0.9999714,-0.006891957,0.003094746,0.006925413,0.9999162,-0.01093329,-0.003019135,0.01095441,0.9999354
323,0.9999719,-0.00683082,0.003094412,0.006864276,0.9999167,-0.01093338,-0.00301947,0.01095432,0.9999354
325,0.9999719,-0.006831155,0.003033273,0.006863941,0.9999165,-0.01093359,-0.002958331,0.01095411,0.9999354
327,0.9999719,-0.006831061,0.003033482,0.006864031,0.9999158,-0.01099473,-0.002958121,0.01101524,0.9999347
329,0.9999719,-0.006830724,0.00309462,0.006864368,0.999916,-0.01099452,-0.00301926,0.01101545,0.9999347
331,0.9999719,-0.006831155,0.003033273,0.006863941,0.9999165,-0.01093359,-0.002958331,0.01095411,0.9999354
333,0.9999719,-0.006831155,0.003033273,0.006863941,0.9999165,-0.01093359,-0.002958331,0.01095411,0.9999354
335,0.9999719,-0.006831155,0.003033273,0.006863941,0.9999165,-0.01093359,-0.002958331,0.01095411,0.9999354
337,0.999972,-0.006831249,0.003033065,0.006863852,0.9999172,-0.01087246,-0.002958542,0.01089297,0.9999362
339,0.9999722,-0.006831582,0.002971926,0.006863521,0.9999173,-0.01087267,-0.002897403,0.01089276,0.9999364
341,0.9999722,-0.006831582,0.002971926,0.006863521,0.9999173,-0.01087267,-0.002897403,0.01089276,0.9999364
343,0.9999722,-0.006831582,0.002971926,0.006863521,0.9999173,-0.01087267,-0.002897403,0.01089276,0.9999364
345,0.9999722,-0.006831582,0.002971926,0.006863521,0.9999173,-0.01087267,-0.002897403,0.01089276,0.9999364
347,0.9999722,-0.006831582,0.002971926,0.006863521,0.9999173,-0.01087267,-0.002897403,0.01089276,0.9999364
349,0.9999722,-0.00683149,0.002972135,0.006863608,0.9999166,-0.0109338,-0.002897193,0.0109539,0.9999357
352,0.9999719,-0.006831155,0.003033273,0.006863941,0.9999165,-0.01093359,-0.002958331,0.01095411,0.9999354
354,0.9999719,-0.006831155,0.003033273,0.006863941,0.9999165,-0.01093359,-0.002958331,0.01095411,0.9999354
356,0.9999719,-0.006831155,0.003033273,0.006863941,0.9999165,-0.01093359,-0.002958331,0.01095411,0.9999354
358,0.9999719,-0.006831061,0.003033482,0.006864031,0.9999158,-0.01099473,-0.002958121,0.01101524,0.9999347
360,0.9999722,-0.00683149,0.002972135,0.006863608,0.9999166,-0.0109338,-0.002897193,0.0109539,0.9999357
362,0.9999721,-0.006831398,0.002972343,0.006863696,0.9999158,-0.01099494,-0.002896983,0.01101503,0.999935
364,0.9999721,-0.006831398,0.002972343,0.006863696,0.9999158,-0.01099494,-0.002896983,0.01101503,0.999935
366,0.9999721,-0.006831398,0.002972343,0.006863696,0.9999158,-0.01099494,-0.002896983,0.01101503,0.999935
368,0.9999721,-0.006831398,0.002972343,0.006863696,0.9999158,-0.01099494,-0.002896983,0.01101503,0.999935
370,0.9999719,-0.006831061,0.003033482,0.006864031,0.9999158,-0.01099473,-0.002958121,0.01101524,0.9999347
372,0.9999719,-0.006831155,0.003033273,0.006863941,0.9999165,-0.01093359,-0.002958331,0.01095411,0.9999354
374,0.9999721,-0.006831398,0.002972343,0.006863696,0.9999158,-0.01099494,-0.002896983,0.01101503,0.999935
376,0.9999721,-0.006831398,0.002972343,0.006863696,0.9999158,-0.01099494,-0.002896983,0.01101503,0.999935
378,0.999972,-0.006831306,0.002972551,0.006863783,0.9999151,-0.01105607,-0.002896772,0.01107617,0.9999343
380,0.9999721,-0.006831398,0.002972343,0.006863696,0.9999158,-0.01099494,-0.002896983,0.01101503,0.999935
382,0.9999721,-0.006831398,0.002972343,0.006863696,0.9999158,-0.01099494,-0.002896983,0.01101503,0.999935
385,0.999972,-0.006831306,0.002972551,0.006863783,0.9999151,-0.01105607,-0.002896772,0.01107617,0.9999343
387,0.999972,-0.006831306,0.002972551,0.006863783,0.9999151,-0.01105607,-0.002896772,0.01107617,0.9999343
389,0.999972,-0.006831306,0.002972551,0.006863783,0.9999151,-0.01105607,-0.002896772,0.01107617,0.9999343
391,0.999972,-0.006831306,0.002972551,0.006863783,0.9999151,-0.01105607,-0.002896772,0.01107617,0.9999343
393,0.999972,-0.006831306,0.002972551,0.006863783,0.9999151,-0.01105607,-0.002896772,0.01107617,0.9999343
395,0.9999721,-0.006831398,0.002972343,0.006863696,0.9999158,-0.01099494,-0.002896983,0.01101503,0.999935
397,0.999972,-0.006831306,0.002972551,0.006863783,0.9999151,-0.01105607,-0.002896772,0.01107617,0.9999343
399,0.999972,-0.006830967,0.00303369,0.006864121,0.9999153,-0.01105586,-0.002957911,0.01107638,0.9999343
401,0.9999718,-0.006830628,0.003094829,0.006864458,0.9999152,-0.01105565,-0.00301905,0.01107659,0.999934
403,0.999972,-0.006830967,0.00303369,0.006864121,0.9999153,-0.01105586,-0.002957911,0.01107638,0.9999343
405,0.999972,-0.006830967,0.00303369,0.006864121,0.9999153,-0.01105586,-0.002957911,0.01107638,0.9999343
407,0.999972,-0.006831306,0.002972551,0.006863783,0.9999151,-0.01105607,-0.002896772,0.01107617,0.9999343
409,0.999972,-0.006830967,0.00303369,0.006864121,0.9999153,-0.01105586,-0.002957911,0.01107638,0.9999343
411,0.9999718,-0.006892444,0.002972889,0.006924921,0.9999149,-0.01105598,-0.002896434,0.01107626,0.9999344
413,0.9999718,-0.006892444,0.002972889,0.006924921,0.9999149,-0.01105598,-0.002896434,0.01107626,0.9999344
417,0.9999718,-0.006892444,0.002972889,0.006924921,0.9999149,-0.01105598,-0.002896434,0.01107626,0.9999344
420,0.9999716,-0.006892535,0.002972679,0.006924832,0.9999154,-0.01099485,-0.002896645,0.01101512,0.9999349
422,0.9999718,-0.006892444,0.002972889,0.006924921,0.9999149,-0.01105598,-0.002896434,0.01107626,0.9999344
424,0.9999718,-0.006892444,0.002972889,0.006924921,0.9999149,-0.01105598,-0.002896434,0.01107626,0.9999344
426,0.9999716,-0.006892105,0.003034028,0.006925258,0.9999148,-0.01105577,-0.002957572,0.01107647,0.9999342
428,0.9999716,-0.006892105,0.003034028,0.006925258,0.9999148,-0.01105577,-0.002957572,0.01107647,0.9999342
430,0.9999716,-0.006892105,0.003034028,0.006925258,0.9999148,-0.01105577,-0.002957572,0.01107647,0.9999342
432,0.9999716,-0.006892105,0.003034028,0.006925258,0.9999148,-0.01105577,-0.002957572,0.01107647,0.9999342
434,0.9999716,-0.006892105,0.003034028,0.006925258,0.9999148,-0.01105577,-0.002957572,0.01107647,0.9999342
436,0.9999716,-0.006892011,0.003034238,0.006925347,0.9999141,-0.0111169,-0.00295736,0.0111376,0.9999335
438,0.9999716,-0.006892011,0.003034238,0.006925347,0.9999141,-0.0111169,-0.00295736,0.0111376,0.9999335
440,0.9999718,-0.006892351,0.002973099,0.006925008,0.9999142,-0.01111712,-0.002896221,0.01113739,0.9999337
442,0.9999718,-0.006892351,0.002973099,0.006925008,0.9999142,-0.01111712,-0.002896221,0.01113739,0.9999337
444,0.9999718,-0.006892351,0.002973099,0.006925008,0.9999142,-0.01111712,-0.002896221,0.01113739,0.9999337
446,0.9999718,-0.006892351,0.002973099,0.006925008,0.9999142,-0.01111712,-0.002896221,0.01113739,0.9999337
448,0.9999718,-0.006892351,0.002973099,0.006925008,0.9999142,-0.01111712,-0.002896221,0.01113739,0.9999337
450,0.9999716,-0.006892011,0.003034238,0.006925347,0.9999141,-0.0111169,-0.00295736,0.0111376,0.9999335
453,0.9999718,-0.006892351,0.002973099,0.006925008,0.9999142,-0.01111712,-0.002896221,0.01113739,0.9999337
455,0.9999718,-0.006892444,0.002972889,0.006924921,0.9999149,-0.01105598,-0.002896434,0.01107626,0.9999344
457,0.9999718,-0.006892444,0.002972889,0.006924921,0.9999149,-0.01105598,-0.002896434,0.01107626,0.9999344
459,0.9999716,-0.006892105,0.003034028,0.006925258,0.9999148,-0.01105577,-0.002957572,0.01107647,0.9999342
461,0.9999716,-0.006892011,0.003034238,0.006925347,0.9999141,-0.0111169,-0.00295736,0.0111376,0.9999335
463,0.9999716,-0.006892011,0.003034238,0.006925347,0.9999141,-0.0111169,-0.00295736,0.0111376,0.9999335
465,0.9999718,-0.006892351,0.002973099,0.006925008,0.9999142,-0.01111712,-0.002896221,0.01113739,0.9999337
467,0.9999718,-0.006892351,0.002973099,0.006925008,0.9999142,-0.01111712,-0.002896221,0.01113739,0.9999337
469,0.9999718,-0.006892444,0.002972889,0.006924921,0.9999149,-0.01105598,-0.002896434,0.01107626,0.9999344
471,0.9999718,-0.006892444,0.002972889,0.006924921,0.9999149,-0.01105598,-0.002896434,0.01107626,0.9999344
473,0.9999718,-0.006892351,0.002973099,0.006925008,0.9999142,-0.01111712,-0.002896221,0.01113739,0.9999337
475,0.9999718,-0.006892351,0.002973099,0.006925008,0.9999142,-0.01111712,-0.002896221,0.01113739,0.9999337
477,0.9999718,-0.006892351,0.002973099,0.006925008,0.9999142,-0.01111712,-0.002896221,0.01113739,0.9999337
479,0.9999718,-0.006892351,0.002973099,0.006925008,0.9999142,-0.01111712,-0.002896221,0.01113739,0.9999337
481,0.999972,-0.006892602,0.002912171,0.006924754,0.9999135,-0.01117846,-0.002834871,0.01119832,0.9999332
483,0.999972,-0.006892512,0.002912381,0.006924839,0.9999128,-0.0112396,-0.002834659,0.01125945,0.9999325
486,0.999972,-0.006892602,0.002912171,0.006924754,0.9999135,-0.01117846,-0.002834871,0.01119832,0.9999332
488,0.999972,-0.006892693,0.002911961,0.006924668,0.9999142,-0.01111733,-0.002835083,0.01113718,0.999934
490,0.999972,-0.006892693,0.002911961,0.006924668,0.9999142,-0.01111733,-0.002835083,0.01113718,0.999934
492,0.9999718,-0.006892351,0.002973099,0.006925008,0.9999142,-0.01111712,-0.002896221,0.01113739,0.9999337
494,0.9999717,-0.006892259,0.002973309,0.006925095,0.9999135,-0.01117825,-0.002896009,0.01119853,0.999933
496,0.9999717,-0.006892259,0.002973309,0.006925095,0.9999135,-0.01117825,-0.002896009,0.01119853,0.999933
498,0.9999717,-0.006892259,0.002973309,0.006925095,0.9999135,-0.01117825,-0.002896009,0.01119853,0.999933
500,0.9999717,-0.006892167,0.00297352,0.006925182,0.9999127,-0.01123939,-0.002895797,0.01125966,0.9999323
502,0.9999717,-0.006892167,0.00297352,0.006925182,0.9999127,-0.01123939,-0.002895797,0.01125966,0.9999323
504,0.9999717,-0.006892167,0.00297352,0.006925182,0.9999127,-0.01123939,-0.002895797,0.01125966,0.9999323
506,0.9999717,-0.006892167,0.00297352,0.006925182,0.9999127,-0.01123939,-0.002895797,0.01125966,0.9999323
508,0.9999717,-0.006892259,0.002973309,0.006925095,0.9999135,-0.01117825,-0.002896009,0.01119853,0.999933
510,0.999972,-0.006892602,0.002912171,0.006924754,0.9999135,-0.01117846,-0.002834871,0.01119832,0.9999332
512,0.999972,-0.006892602,0.002912171,0.006924754,0.9999135,-0.01117846,-0.002834871,0.01119832,0.9999332
514,0.999972,-0.006892602,0.002912171,0.006924754,0.9999135,-0.01117846,-0.002834871,0.01119832,0.9999332
516,0.999972,-0.006892602,0.002912171,0.006924754,0.9999135,-0.01117846,-0.002834871,0.01119832,0.9999332
519,0.999972,-0.006892693,0.002911961,0.006924668,0.9999142,-0.01111733,-0.002835083,0.01113718,0.999934
521,0.9999718,-0.006892351,0.002973099,0.006925008,0.9999142,-0.01111712,-0.002896221,0.01113739,0.9999337
523,0.9999718,-0.006892351,0.002973099,0.006925008,0.9999142,-0.01111712,-0.002896221,0.01113739,0.9999337
525,0.9999722,-0.006831123,0.002972968,0.006863958,0.9999139,-0.01117834,-0.002896352,0.01119844,0.9999331
527,0.9999718,-0.006892351,0.002973099,0.006925008,0.9999142,-0.01111712,-0.002896221,0.01113739,0.9999337
529,0.9999718,-0.006892351,0.002973099,0.006925008,0.9999142,-0.01111712,-0.002896221,0.01113739,0.9999337
531,0.999972,-0.006892693,0.002911961,0.006924668,0.9999142,-0.01111733,-0.002835083,0.01113718,0.999934
533,0.9999723,-0.006831555,0.002911621,0.00686353,0.9999145,-0.01111742,-0.002835423,0.0111371,0.9999338
535,0.9999725,-0.006831896,0.002850483,0.006863191,0.9999145,-0.01111763,-0.002774285,0.01113689,0.999934
537,0.9999725,-0.006831984,0.002850275,0.006863108,0.9999152,-0.01105649,-0.002774495,0.01107575,0.9999347
539,0.9999725,-0.006831984,0.002850275,0.006863108,0.9999152,-0.01105649,-0.002774495,0.01107575,0.9999347
541,0.9999725,-0.006831984,0.002850275,0.006863108,0.9999152,-0.01105649,-0.002774495,0.01107575,0.9999347
543,0.9999725,-0.006831984,0.002850275,0.006863108,0.9999152,-0.01105649,-0.002774495,0.01107575,0.9999347
545,0.9999723,-0.006831645,0.002911413,0.006863445,0.9999152,-0.01105628,-0.002835634,0.01107596,0.9999345
547,0.9999725,-0.006831896,0.002850483,0.006863191,0.9999145,-0.01111763,-0.002774285,0.01113689,0.999934
550,0.9999725,-0.006831984,0.002850275,0.006863108,0.9999152,-0.01105649,-0.002774495,0.01107575,0.9999347
553,0.9999723,-0.006831735,0.002911204,0.00686336,0.9999159,-0.01099515,-0.002835844,0.01101483,0.9999352
555,0.9999723,-0.006831735,0.002911204,0.00686336,0.9999159,-0.01099515,-0.002835844,0.01101483,0.9999352
557,0.9999723,-0.006831735,0.002911204,0.00686336,0.9999159,-0.01099515,-0.002835844,0.01101483,0.9999352
559,0.9999725,-0.006831984,0.002850275,0.006863108,0.9999152,-0.01105649,-0.002774495,0.01107575,0.9999347
561,0.9999725,-0.006831984,0.002850275,0.006863108,0.9999152,-0.01105649,-0.002774495,0.01107575,0.9999347
563,0.9999723,-0.006831645,0.002911413,0.006863445,0.9999152,-0.01105628,-0.002835634,0.01107596,0.9999345
565,0.9999725,-0.006831984,0.002850275,0.006863108,0.9999152,-0.01105649,-0.002774495,0.01107575,0.9999347
567,0.9999723,-0.006831645,0.002911413,0.006863445,0.9999152,-0.01105628,-0.002835634,0.01107596,0.9999345
569,0.9999726,-0.006832073,0.002850066,0.006863024,0.999916,-0.01099536,-0.002774706,0.01101462,0.9999354
571,0.9999723,-0.006831735,0.002911204,0.00686336,0.9999159,-0.01099515,-0.002835844,0.01101483,0.9999352
573,0.9999726,-0.006832073,0.002850066,0.006863024,0.999916,-0.01099536,-0.002774706,0.01101462,0.9999354
575,0.9999726,-0.006832073,0.002850066,0.006863024,0.999916,-0.01099536,-0.002774706,0.01101462,0.9999354
577,0.9999723,-0.006831735,0.002911204,0.00686336,0.9999159,-0.01099515,-0.002835844,0.01101483,0.9999352
579,0.9999724,-0.006831825,0.002910996,0.006863274,0.9999166,-0.01093401,-0.002836055,0.01095369,0.9999359
581,0.9999719,-0.006892963,0.00291133,0.006924412,0.9999161,-0.01093392,-0.002835719,0.01095378,0.9999359
583,0.9999724,-0.006831825,0.002910996,0.006863274,0.9999166,-0.01093401,-0.002836055,0.01095369,0.9999359
586,0.9999726,-0.006832161,0.002849858,0.006862941,0.9999167,-0.01093422,-0.002774916,0.01095348,0.9999362
588,0.9999725,-0.006832249,0.002849649,0.006862856,0.9999171,-0.01087309,-0.002775126,0.01089235,0.9999366
590,0.999972,-0.006893053,0.00291112,0.006924327,0.9999169,-0.01087279,-0.002835931,0.01089264,0.9999366
592,0.9999722,-0.006893386,0.002849981,0.006923994,0.9999169,-0.010873,-0.002774793,0.01089243,0.9999368
594,0.9999725,-0.006832249,0.002849649,0.006862856,0.9999171,-0.01087309,-0.002775126,0.01089235,0.9999366
596,0.9999725,-0.006832249,0.002849649,0.006862856,0.9999171,-0.01087309,-0.002775126,0.01089235,0.9999366
598,0.9999725,-0.006832249,0.002849649,0.006862856,0.9999171,-0.01087309,-0.002775126,0.01089235,0.9999366
600,0.9999722,-0.006893386,0.002849981,0.006923994,0.9999169,-0.010873,-0.002774793,0.01089243,0.9999368
602,0.9999722,-0.006893386,0.002849981,0.006923994,0.9999169,-0.010873,-0.002774793,0.01089243,0.9999368
604,0.9999722,-0.006893386,0.002849981,0.006923994,0.9999169,-0.010873,-0.002774793,0.01089243,0.9999368
606,0.9999722,-0.006893386,0.002849981,0.006923994,0.9999169,-0.010873,-0.002774793,0.01089243,0.9999368
608,0.9999722,-0.006893298,0.002850192,0.006924078,0.9999162,-0.01093413,-0.002774581,0.01095357,0.9999361
610,0.9999722,-0.006893386,0.002849981,0.006923994,0.9999169,-0.010873,-0.002774793,0.01089243,0.9999368
612,0.9999722,-0.006893386,0.002849981,0.006923994,0.9999169,-0.010873,-0.002774793,0.01089243,0.9999368
614,0.9999722,-0.006893386,0.002849981,0.006923994,0.9999169,-0.010873,-0.002774793,0.01089243,0.9999368
616,0.9999722,-0.006893386,0.002849981,0.006923994,0.9999169,-0.010873,-0.002774793,0.01089243,0.9999368
619,0.9999722,-0.006893386,0.002849981,0.006923994,0.9999169,-0.010873,-0.002774793,0.01089243,0.9999368
621,0.9999722,-0.006893386,0.002849981,0.006923994,0.9999169,-0.010873,-0.002774793,0.01089243,0.9999368
623,0.9999722,-0.006893298,0.002850192,0.006924078,0.9999162,-0.01093413,-0.002774581,0.01095357,0.9999361
625,0.9999721,-0.00689321,0.002850402,0.006924161,0.9999155,-0.01099527,-0.002774369,0.0110147,0.9999354
627,0.9999719,-0.006892963,0.00291133,0.006924412,0.9999161,-0.01093392,-0.002835719,0.01095378,0.9999359
629,0.9999719,-0.006892963,0.00291133,0.006924412,0.9999161,-0.01093392,-0.002835719,0.01095378,0.9999359
631,0.999972,-0.006893053,0.00291112,0.006924327,0.9999169,-0.01087279,-0.002835931,0.01089264,0.9999366
633,0.999972,-0.006893053,0.00291112,0.006924327,0.9999169,-0.01087279,-0.002835931,0.01089264,0.9999366
635,0.999972,-0.006893053,0.00291112,0.006924327,0.9999169,-0.01087279,-0.002835931,0.01089264,0.9999366
637,0.9999717,-0.00689272,0.002972259,0.006924658,0.9999168,-0.01087258,-0.00289707,0.01089285,0.9999363
639,0.9999717,-0.00689272,0.002972259,0.006924658,0.9999168,-0.01087258,-0.00289707,0.01089285,0.9999363
641,0.999972,-0.006893053,0.00291112,0.006924327,0.9999169,-0.01087279,-0.002835931,0.01089264,0.9999366
643,0.999972,-0.006893053,0.00291112,0.006924327,0.9999169,-0.01087279,-0.002835931,0.01089264,0.9999366
645,0.9999722,-0.006893298,0.002850192,0.006924078,0.9999162,-0.01093413,-0.002774581,0.01095357,0.9999361
647,0.9999719,-0.006892963,0.00291133,0.006924412,0.9999161,-0.01093392,-0.002835719,0.01095378,0.9999359
649,0.9999717,-0.006892627,0.002972469,0.006924745,0.9999161,-0.01093371,-0.002896858,0.01095399,0.9999356
652,0.999972,-0.006893053,0.00291112,0.006924327,0.9999169,-0.01087279,-0.002835931,0.01089264,0.9999366
654,0.999972,-0.006893053,0.00291112,0.006924327,0.9999169,-0.01087279,-0.002835931,0.01089264,0.9999366
656,0.9999719,-0.006892963,0.00291133,0.006924412,0.9999161,-0.01093392,-0.002835719,0.01095378,0.9999359
658,0.9999717,-0.006892627,0.002972469,0.006924745,0.9999161,-0.01093371,-0.002896858,0.01095399,0.9999356
660,0.9999717,-0.006892627,0.002972469,0.006924745,0.9999161,-0.01093371,-0.002896858,0.01095399,0.9999356
662,0.9999717,-0.006892627,0.002972469,0.006924745,0.9999161,-0.01093371,-0.002896858,0.01095399,0.9999356
664,0.9999717,-0.00689272,0.002972259,0.006924658,0.9999168,-0.01087258,-0.00289707,0.01089285,0.9999363
666,0.9999717,-0.00689272,0.002972259,0.006924658,0.9999168,-0.01087258,-0.00289707,0.01089285,0.9999363
668,0.9999717,-0.006892627,0.002972469,0.006924745,0.9999161,-0.01093371,-0.002896858,0.01095399,0.9999356
670,0.9999714,-0.006953766,0.002972803,0.006985883,0.9999158,-0.01093362,-0.002896523,0.01095407,0.9999359
672,0.9999712,-0.00695343,0.003033941,0.006986217,0.9999158,-0.0109334,-0.002957661,0.01095429,0.9999356
674,0.9999717,-0.006892293,0.003033607,0.00692508,0.9999163,-0.0109335,-0.002957996,0.0109542,0.9999356
676,0.9999717,-0.006892293,0.003033607,0.00692508,0.9999163,-0.0109335,-0.002957996,0.0109542,0.9999356
678,0.9999717,-0.006892627,0.002972469,0.006924745,0.9999161,-0.01093371,-0.002896858,0.01095399,0.9999356
680,0.9999717,-0.006892627,0.002972469,0.006924745,0.9999161,-0.01093371,-0.002896858,0.01095399,0.9999356
684,0.9999717,-0.006892627,0.002972469,0.006924745,0.9999161,-0.01093371,-0.002896858,0.01095399,0.9999356
687,0.9999717,-0.006892627,0.002972469,0.006924745,0.9999161,-0.01093371,-0.002896858,0.01095399,0.9999356
689,0.9999717,-0.006892627,0.002972469,0.006924745,0.9999161,-0.01093371,-0.002896858,0.01095399,0.9999356
691,0.9999719,-0.006892963,0.00291133,0.006924412,0.9999161,-0.01093392,-0.002835719,0.01095378,0.9999359
693,0.999972,-0.006893053,0.00291112,0.006924327,0.9999169,-0.01087279,-0.002835931,0.01089264,0.9999366
695,0.999972,-0.006893053,0.00291112,0.006924327,0.9999169,-0.01087279,-0.002835931,0.01089264,0.9999366
697,0.9999717,-0.006892627,0.002972469,0.006924745,0.9999161,-0.01093371,-0.002896858,0.01095399,0.9999356
699,0.9999717,-0.006892293,0.003033607,0.00692508,0.9999163,-0.0109335,-0.002957996,0.0109542,0.9999356
701,0.9999717,-0.006892627,0.002972469,0.006924745,0.9999161,-0.01093371,-0.002896858,0.01095399,0.9999356
703,0.9999717,-0.006892627,0.002972469,0.006924745,0.9999161,-0.01093371,-0.002896858,0.01095399,0.9999356
705,0.9999717,-0.006892627,0.002972469,0.006924745,0.9999161,-0.01093371,-0.002896858,0.01095399,0.9999356
707,0.9999717,-0.006892627,0.002972469,0.006924745,0.9999161,-0.01093371,-0.002896858,0.01095399,0.9999356
709,0.9999717,-0.006892627,0.002972469,0.006924745,0.9999161,-0.01093371,-0.002896858,0.01095399,0.9999356
711,0.9999717,-0.006892293,0.003033607,0.00692508,0.9999163,-0.0109335,-0.002957996,0.0109542,0.9999356
713,0.9999717,-0.006892293,0.003033607,0.00692508,0.9999163,-0.0109335,-0.002957996,0.0109542,0.9999356
715,0.9999717,-0.006892293,0.003033607,0.00692508,0.9999163,-0.0109335,-0.002957996,0.0109542,0.9999356
717,0.9999722,-0.00683149,0.002972135,0.006863608,0.9999166,-0.0109338,-0.002897193,0.0109539,0.9999357
720,0.9999722,-0.00683149,0.002972135,0.006863608,0.9999166,-0.0109338,-0.002897193,0.0109539,0.9999357
722,0.9999717,-0.006892627,0.002972469,0.006924745,0.9999161,-0.01093371,-0.002896858,0.01095399,0.9999356
724,0.9999717,-0.006892293,0.003033607,0.00692508,0.9999163,-0.0109335,-0.002957996,0.0109542,0.9999356
726,0.9999717,-0.006892293,0.003033607,0.00692508,0.9999163,-0.0109335,-0.002957996,0.0109542,0.9999356
728,0.9999717,-0.006892293,0.003033607,0.00692508,0.9999163,-0.0109335,-0.002957996,0.0109542,0.9999356
730,0.9999717,-0.006892293,0.003033607,0.00692508,0.9999163,-0.0109335,-0.002957996,0.0109542,0.9999356
732,0.9999716,-0.006892199,0.003033818,0.006925169,0.9999155,-0.01099463,-0.002957784,0.01101533,0.9999349
734,0.9999714,-0.006891957,0.003094746,0.006925413,0.9999162,-0.01093329,-0.003019135,0.01095441,0.9999354
736,0.9999716,-0.006892199,0.003033818,0.006925169,0.9999155,-0.01099463,-0.002957784,0.01101533,0.9999349
738,0.9999716,-0.006892199,0.003033818,0.006925169,0.9999155,-0.01099463,-0.002957784,0.01101533,0.9999349
740,0.9999716,-0.006892199,0.003033818,0.006925169,0.9999155,-0.01099463,-0.002957784,0.01101533,0.9999349
742,0.9999716,-0.006892199,0.003033818,0.006925169,0.9999155,-0.01099463,-0.002957784,0.01101533,0.9999349
744,0.9999717,-0.006892293,0.003033607,0.00692508,0.9999163,-0.0109335,-0.002957996,0.0109542,0.9999356
746,0.9999716,-0.006892199,0.003033818,0.006925169,0.9999155,-0.01099463,-0.002957784,0.01101533,0.9999349
748,0.9999719,-0.006831061,0.003033482,0.006864031,0.9999158,-0.01099473,-0.002958121,0.01101524,0.9999347
750,0.9999716,-0.006892535,0.002972679,0.006924832,0.9999154,-0.01099485,-0.002896645,0.01101512,0.9999349
753,0.9999716,-0.006892535,0.002972679,0.006924832,0.9999154,-0.01099485,-0.002896645,0.01101512,0.9999349
755,0.9999716,-0.006892535,0.002972679,0.006924832,0.9999154,-0.01099485,-0.002896645,0.01101512,0.9999349
757,0.9999716,-0.006892535,0.002972679,0.006924832,0.9999154,-0.01099485,-0.002896645,0.01101512,0.9999349
759,0.9999717,-0.006892627,0.002972469,0.006924745,0.9999161,-0.01093371,-0.002896858,0.01095399,0.9999356
761,0.9999717,-0.006892627,0.002972469,0.006924745,0.9999161,-0.01093371,-0.002896858,0.01095399,0.9999356
763,0.9999719,-0.006892963,0.00291133,0.006924412,0.9999161,-0.01093392,-0.002835719,0.01095378,0.9999359
765,0.999972,-0.006893053,0.00291112,0.006924327,0.9999169,-0.01087279,-0.002835931,0.01089264,0.9999366
767,0.999972,-0.006893053,0.00291112,0.006924327,0.9999169,-0.01087279,-0.002835931,0.01089264,0.9999366
769,0.999972,-0.006893053,0.00291112,0.006924327,0.9999169,-0.01087279,-0.002835931,0.01089264,0.9999366
771,0.999972,-0.006893053,0.00291112,0.006924327,0.9999169,-0.01087279,-0.002835931,0.01089264,0.9999366
773,0.999972,-0.006893053,0.00291112,0.006924327,0.9999169,-0.01087279,-0.002835931,0.01089264,0.9999366
775,0.9999722,-0.006893386,0.002849981,0.006923994,0.9999169,-0.010873,-0.002774793,0.01089243,0.9999368
777,0.999972,-0.006893053,0.00291112,0.006924327,0.9999169,-0.01087279,-0.002835931,0.01089264,0.9999366
779,0.9999719,-0.006892963,0.00291133,0.006924412,0.9999161,-0.01093392,-0.002835719,0.01095378,0.9999359
781,0.999972,-0.006893053,0.00291112,0.006924327,0.9999169,-0.01087279,-0.002835931,0.01089264,0.9999366
783,0.999972,-0.006893053,0.00291112,0.006924327,0.9999169,-0.01087279,-0.002835931,0.01089264,0.9999366
